Generacion 1
[3, 0, 1, 2]
[2, 0, 1, 3]
1
3
1
3
Generacion 2
[0, 2, 3, 1]
[3, 2, 0, 1]
0
2
0
3
Generacion 3
[0, 2, 3, 1]
[3, 2, 0, 1]
0
2
1
2
Generacion 4
[0, 1, 2, 3]
[2, 1, 0, 3]
1
3
1
2
Generacion 5
[1, 2, 0, 3]
[2, 0, 1, 3]
0
3
1
2
Generacion 6
[1, 3, 0, 2]
[1, 3, 2, 0]
0
2
1
3
Generacion 7
[3, 2, 0, 1]
[3, 2, 0, 1]
1
3
1
2
Generacion 8
[2, 1, 0, 3]
[2, 1, 0, 3]
0
3
0
3
Generacion 9
[2, 3, 1, 0]
[0, 1, 3, 2]
0
3
0
3
Generacion 10
[3, 0, 2, 1]
[3, 2, 0, 1]
1
2
1
2
Generacion 11
[2, 1, 0, 3]
[2, 3, 1, 0]
1
2
0
2
Generacion 12
[0, 3, 1, 2]
[2, 0, 1, 3]
1
2
0
3
